-5.971775390207767487e-04 -1.549697574228048325e-02
5.293556451797485352e-01 -1.616784371435642242e-02
1.053228378295898438e+00 -1.767058111727237701e-02
1.626469492912292480e+00 -2.039997093379497528e-02
2.201733350753784180e+00 -2.230935543775558472e-02
2.793590307235717773e+00 -2.195668965578079224e-02
3.378131389617919922e+00 -3.023332357406616211e-02
3.989401102066040039e+00 -9.431715123355388641e-03
4.491025447845458984e+00 -1.079308334738016129e-02
4.996356010437011719e+00 -1.784386672079563141e-02
5.599801540374755859e+00 -1.483065728098154068e-02
6.135839462280273438e+00 -1.521147973835468292e-02
6.669804573059082031e+00 -2.415250800549983978e-02
7.208521366119384766e+00 -1.290646009147167206e-02
7.761048316955566406e+00 -1.939375884830951691e-02
8.358040809631347656e+00 -2.066897787153720856e-02
8.947512626647949219e+00 -1.805615238845348358e-02
9.529518127441406250e+00 -1.985845528542995453e-02
1.011501502990722656e+01 -2.147378586232662201e-02
1.068726062774658203e+01 -1.981149986386299133e-02
1.120022010803222656e+01 -1.673247851431369781e-02
1.174049186706542969e+01 -1.142950076609849930e-02
1.231752777099609375e+01 -9.071614593267440796e-03
1.285568904876708984e+01 2.170510822907090187e-03
1.339256000518798828e+01 1.217725500464439392e-02
1.390446472167968750e+01 1.530975196510553360e-02
1.446207618713378906e+01 3.972582519054412842e-02
1.502108097076416016e+01 5.348056927323341370e-02
1.560404586791992188e+01 8.130054175853729248e-02
1.618689537048339844e+01 1.071383282542228699e-01
1.674090576171875000e+01 1.348188221454620361e-01
1.727254867553710938e+01 1.604762375354766846e-01
1.786718940734863281e+01 1.780192553997039795e-01
1.849628829956054688e+01 2.170943915843963623e-01
1.904852104187011719e+01 2.396674454212188721e-01
1.955808067321777344e+01 2.717632353305816650e-01
2.012022399902343750e+01 2.949966788291931152e-01
2.070314979553222656e+01 3.249989449977874756e-01
2.131417655944824219e+01 3.626456856727600098e-01
2.200760269165039062e+01 3.926307857036590576e-01
2.263954925537109375e+01 4.146097004413604736e-01
2.324142646789550781e+01 4.433619976043701172e-01
2.386932945251464844e+01 4.410533010959625244e-01
2.437801742553710938e+01 4.440702795982360840e-01
2.494952392578125000e+01 4.575808644294738770e-01
2.550015068054199219e+01 4.876449406147003174e-01
2.608485984802246094e+01 4.928527176380157471e-01
2.669568443298339844e+01 5.029755830764770508e-01
2.733488845825195312e+01 5.205929875373840332e-01
2.798684120178222656e+01 5.336468219757080078e-01
2.860359764099121094e+01 5.545548200607299805e-01
2.923409843444824219e+01 5.736024379730224609e-01
2.979094886779785156e+01 5.780168175697326660e-01
3.033415603637695312e+01 5.840149521827697754e-01
3.085399055480957031e+01 5.956323742866516113e-01
3.138462257385253906e+01 6.044228672981262207e-01
3.190763664245605469e+01 6.242145299911499023e-01
3.245134353637695312e+01 6.311128735542297363e-01
3.299876022338867188e+01 6.414130330085754395e-01
3.356776046752929688e+01 6.561661362648010254e-01
3.415155410766601562e+01 6.774622797966003418e-01
3.475533676147460938e+01 6.830875873565673828e-01
3.535331726074218750e+01 6.949829459190368652e-01
3.595571136474609375e+01 7.077211737632751465e-01
3.658147430419921875e+01 7.449569106101989746e-01
3.721567916870117188e+01 7.575027942657470703e-01
3.783021545410156250e+01 7.766022086143493652e-01
3.844802856445312500e+01 8.006531000137329102e-01
3.907356262207031250e+01 8.228614330291748047e-01
3.965449142456054688e+01 8.566081523895263672e-01
4.025985336303710938e+01 8.715378642082214355e-01
4.083715820312500000e+01 8.820709586143493652e-01
4.140990447998046875e+01 9.089602231979370117e-01
4.197272491455078125e+01 9.286053776741027832e-01
4.253161621093750000e+01 9.484843015670776367e-01
4.308536911010742188e+01 9.610784053802490234e-01
4.364252471923828125e+01 9.985156655311584473e-01
4.419673538208007812e+01 1.020862698554992676e+00
4.474438858032226562e+01 1.031474709510803223e+00
4.530225753784179688e+01 1.048702239990234375e+00
4.587933731079101562e+01 1.081290721893310547e+00
4.644478225708007812e+01 1.101113319396972656e+00
4.702540969848632812e+01 1.129997491836547852e+00
4.760020828247070312e+01 1.160971879959106445e+00
4.815763473510742188e+01 1.188110828399658203e+00
4.875738525390625000e+01 1.212454438209533691e+00
4.938038635253906250e+01 1.237775564193725586e+00
5.000445938110351562e+01 1.258842945098876953e+00
5.061502838134765625e+01 1.298902034759521484e+00
5.123127746582031250e+01 1.320035338401794434e+00
5.185355377197265625e+01 1.337255001068115234e+00
5.249472808837890625e+01 1.369301319122314453e+00
5.312561798095703125e+01 1.394328355789184570e+00
5.376062393188476562e+01 1.421919584274291992e+00
5.433611679077148438e+01 1.442762494087219238e+00
5.490032196044921875e+01 1.459123492240905762e+00
5.545877075195312500e+01 1.477859973907470703e+00
5.602182006835937500e+01 1.496343851089477539e+00
5.658440780639648438e+01 1.520481467247009277e+00
5.715653991699218750e+01 1.553577184677124023e+00
5.772438812255859375e+01 1.570191740989685059e+00
5.827830505371093750e+01 1.598651885986328125e+00
5.885720825195312500e+01 1.630336403846740723e+00
5.943126678466796875e+01 1.654463052749633789e+00
6.000163650512695312e+01 1.686030745506286621e+00
6.059027481079101562e+01 1.717934608459472656e+00
6.115347671508789062e+01 1.743664503097534180e+00
6.171455383300781250e+01 1.767906188964843750e+00
6.228542709350585938e+01 1.784326791763305664e+00
6.284748458862304688e+01 1.809115529060363770e+00
6.343274307250976562e+01 1.840518116950988770e+00
6.400563049316406250e+01 1.867976188659667969e+00
6.459725189208984375e+01 1.883553504943847656e+00
6.517132568359375000e+01 1.916196823120117188e+00
6.574687194824218750e+01 1.943995118141174316e+00
6.633134460449218750e+01 1.970141768455505371e+00
6.692362976074218750e+01 2.009691476821899414e+00
6.753955078125000000e+01 2.031785011291503906e+00
6.815900421142578125e+01 2.061067104339599609e+00
6.878844451904296875e+01 2.096156597137451172e+00
6.941970825195312500e+01 2.123711109161376953e+00
7.003958129882812500e+01 2.145695686340332031e+00
7.068785095214843750e+01 2.175974369049072266e+00
7.133689880371093750e+01 2.201515913009643555e+00
7.202126312255859375e+01 2.225326538085937500e+00
7.270102691650390625e+01 2.247869253158569336e+00
7.336753082275390625e+01 2.281615495681762695e+00
7.405653381347656250e+01 2.313056230545043945e+00
7.472009277343750000e+01 2.331743240356445312e+00
7.537979888916015625e+01 2.372423410415649414e+00
7.602500152587890625e+01 2.403846740722656250e+00
7.666188812255859375e+01 2.425360918045043945e+00
7.729982757568359375e+01 2.458805799484252930e+00
7.794069671630859375e+01 2.472486972808837891e+00
7.857566070556640625e+01 2.507004976272583008e+00
7.921652984619140625e+01 2.536121129989624023e+00
7.985298156738281250e+01 2.554324626922607422e+00
8.051367187500000000e+01 2.582080602645874023e+00
8.116624450683593750e+01 2.601237535476684570e+00
8.183587646484375000e+01 2.627225637435913086e+00
8.248892974853515625e+01 2.645494461059570312e+00
8.312041473388671875e+01 2.674408674240112305e+00
8.374520874023437500e+01 2.692833185195922852e+00
8.437505340576171875e+01 2.717327117919921875e+00
8.499711608886718750e+01 2.748639106750488281e+00
8.562766265869140625e+01 2.776406526565551758e+00
8.627126312255859375e+01 2.796436309814453125e+00
8.688053131103515625e+01 2.809521913528442383e+00
8.749213409423828125e+01 2.835190773010253906e+00
8.810371398925781250e+01 2.863849878311157227e+00
8.871920013427734375e+01 2.873025417327880859e+00
8.933416748046875000e+01 2.884255647659301758e+00
8.995022583007812500e+01 2.903029680252075195e+00
9.059082031250000000e+01 2.926341772079467773e+00
9.122774505615234375e+01 2.960536718368530273e+00
9.184754180908203125e+01 2.988745450973510742e+00
9.246058654785156250e+01 3.010936021804809570e+00
9.306907653808593750e+01 3.023118257522583008e+00
9.365463256835937500e+01 3.068300247192382812e+00
9.425373077392578125e+01 3.086438894271850586e+00
9.485164642333984375e+01 3.099951744079589844e+00
9.543745422363281250e+01 3.110404014587402344e+00
9.601998901367187500e+01 3.137863159179687500e+00
9.662750244140625000e+01 3.145441055297851562e+00
9.721089172363281250e+01 3.168020963668823242e+00
9.781881713867187500e+01 3.183922529220581055e+00
9.841326904296875000e+01 3.202217817306518555e+00
9.899971771240234375e+01 3.220467805862426758e+00
9.958625030517578125e+01 3.248033523559570312e+00
1.001910400390625000e+02 3.261234998703002930e+00
1.007683868408203125e+02 3.289293766021728516e+00
1.013731842041015625e+02 3.297103643417358398e+00
1.019623565673828125e+02 3.322445631027221680e+00
1.025603027343750000e+02 3.344204664230346680e+00
1.031445541381835938e+02 3.362668991088867188e+00
1.037404098510742188e+02 3.374336957931518555e+00
1.043341293334960938e+02 3.400815248489379883e+00
1.049112472534179688e+02 3.422839879989624023e+00
1.054906692504882812e+02 3.447883844375610352e+00
1.060681533813476562e+02 3.458614826202392578e+00
1.066254653930664062e+02 3.472352504730224609e+00
1.072203903198242188e+02 3.504755496978759766e+00
1.077920303344726562e+02 3.521203279495239258e+00
1.083682556152343750e+02 3.536710262298583984e+00
1.089345703125000000e+02 3.554553031921386719e+00
1.094890441894531250e+02 3.582954168319702148e+00
1.100534210205078125e+02 3.609530687332153320e+00
1.106087646484375000e+02 3.634791374206542969e+00
1.111811141967773438e+02 3.660226583480834961e+00
1.117223281860351562e+02 3.696889877319335938e+00
1.122613372802734375e+02 3.721712350845336914e+00
1.127879104614257812e+02 3.752910375595092773e+00
1.134278030395507812e+02 3.781069993972778320e+00
1.140303878784179688e+02 3.803868293762207031e+00
1.146046295166015625e+02 3.824506282806396484e+00
1.151659317016601562e+02 3.872236967086791992e+00
1.157941741943359375e+02 3.870034694671630859e+00
1.163619689941406250e+02 3.872483015060424805e+00
1.169744186401367188e+02 3.954779386520385742e+00
1.174925079345703125e+02 3.927844047546386719e+00
1.181154022216796875e+02 3.972874164581298828e+00
1.186544113159179688e+02 3.991918802261352539e+00
1.191769104003906250e+02 3.985562086105346680e+00
1.197068862915039062e+02 4.010559082031250000e+00
1.202835922241210938e+02 4.027754783630371094e+00
1.208564376831054688e+02 4.036394596099853516e+00
1.214488220214843750e+02 4.044721126556396484e+00
1.220638732910156250e+02 4.072517395019531250e+00
1.226756744384765625e+02 4.092506885528564453e+00
1.232766952514648438e+02 4.106386184692382812e+00
1.238870391845703125e+02 4.110742092132568359e+00
1.244815597534179688e+02 4.121771335601806641e+00
1.250616989135742188e+02 4.142126083374023438e+00
1.256578292846679688e+02 4.156256675720214844e+00
1.262603149414062500e+02 4.165140628814697266e+00
1.268698043823242188e+02 4.180730342864990234e+00
1.274752731323242188e+02 4.203939914703369141e+00
1.280981903076171875e+02 4.214890956878662109e+00
1.287205047607421875e+02 4.224664688110351562e+00
1.293454284667968750e+02 4.243006706237792969e+00
1.299931030273437500e+02 4.267336845397949219e+00
1.306081848144531250e+02 4.304061412811279297e+00
1.311716156005859375e+02 4.315707683563232422e+00
1.317322540283203125e+02 4.325147628784179688e+00
1.323242950439453125e+02 4.347191333770751953e+00
1.329177398681640625e+02 4.376891613006591797e+00
1.335162353515625000e+02 4.405478477478027344e+00
1.341277923583984375e+02 4.412727832794189453e+00
1.347480316162109375e+02 4.460319519042968750e+00
1.353932342529296875e+02 4.492300987243652344e+00
1.360316162109375000e+02 4.513056278228759766e+00
1.367031555175781250e+02 4.544024467468261719e+00
1.373711242675781250e+02 4.567741870880126953e+00
1.380229949951171875e+02 4.598418712615966797e+00
1.386502990722656250e+02 4.628214359283447266e+00
1.392617187500000000e+02 4.647776603698730469e+00
1.398510589599609375e+02 4.681953430175781250e+00
1.404650878906250000e+02 4.709350585937500000e+00
1.410993804931640625e+02 4.732135295867919922e+00
1.417621154785156250e+02 4.752224445343017578e+00
1.424302978515625000e+02 4.786078453063964844e+00
1.431389617919921875e+02 4.818788528442382812e+00
1.438405151367187500e+02 4.849597930908203125e+00
1.443412628173828125e+02 4.861687183380126953e+00
1.450624542236328125e+02 4.892491817474365234e+00
1.457908935546875000e+02 4.945659637451171875e+00
1.465251770019531250e+02 4.981744766235351562e+00
1.472239532470703125e+02 5.026594638824462891e+00
1.479324645996093750e+02 5.072191715240478516e+00
1.486407775878906250e+02 5.127426147460937500e+00
1.493632202148437500e+02 5.175993442535400391e+00
1.500753784179687500e+02 5.214543819427490234e+00
1.507680664062500000e+02 5.251120567321777344e+00
1.514769592285156250e+02 5.292738914489746094e+00
1.521517028808593750e+02 5.341263294219970703e+00
1.527722778320312500e+02 5.356087207794189453e+00
1.533693389892578125e+02 5.391393184661865234e+00
1.539526672363281250e+02 5.425334453582763672e+00
1.545024414062500000e+02 5.450314998626708984e+00
1.550398101806640625e+02 5.471336841583251953e+00
1.555637359619140625e+02 5.519389629364013672e+00
1.561015319824218750e+02 5.552196979522705078e+00
1.566394500732421875e+02 5.582977771759033203e+00
1.572053070068359375e+02 5.609886646270751953e+00
1.577377471923828125e+02 5.640570163726806641e+00
1.582773284912109375e+02 5.661293029785156250e+00
1.588126678466796875e+02 5.684618473052978516e+00
1.593497619628906250e+02 5.708058834075927734e+00
1.598695831298828125e+02 5.732480049133300781e+00
1.604044799804687500e+02 5.748284816741943359e+00
1.609179687500000000e+02 5.773417949676513672e+00
1.614237670898437500e+02 5.790893554687500000e+00
1.620376281738281250e+02 5.845447063446044922e+00
1.625870971679687500e+02 5.833149433135986328e+00
1.631383361816406250e+02 5.851654052734375000e+00
1.636771392822265625e+02 5.894810676574707031e+00
1.642508087158203125e+02 5.925006389617919922e+00
1.648748321533203125e+02 5.927344322204589844e+00
1.656237182617187500e+02 5.981935024261474609e+00
1.662185058593750000e+02 6.005518913269042969e+00
1.667876739501953125e+02 6.031463146209716797e+00
1.673501892089843750e+02 6.060063838958740234e+00
1.679157409667968750e+02 6.103880405426025391e+00
1.685071258544921875e+02 6.135376930236816406e+00
1.690938110351562500e+02 6.165189743041992188e+00
1.697056274414062500e+02 6.193039417266845703e+00
1.703317565917968750e+02 6.225101947784423828e+00
1.709777526855468750e+02 6.256436347961425781e+00
1.715784606933593750e+02 6.285828113555908203e+00
1.721402435302734375e+02 6.312200546264648438e+00
1.727001647949218750e+02 6.336933612823486328e+00
1.732570648193359375e+02 6.375281333923339844e+00
1.738214263916015625e+02 6.395188331604003906e+00
1.743673706054687500e+02 6.426329135894775391e+00
1.749002075195312500e+02 6.457311153411865234e+00
1.754019927978515625e+02 6.472542285919189453e+00
1.759876556396484375e+02 6.506079196929931641e+00
1.765331268310546875e+02 6.504463672637939453e+00
1.771167755126953125e+02 6.520467758178710938e+00
1.776330871582031250e+02 6.527656555175781250e+00
1.781692352294921875e+02 6.542527675628662109e+00
1.786840667724609375e+02 6.549022674560546875e+00
1.791981506347656250e+02 6.546955585479736328e+00
1.797452545166015625e+02 6.544586658477783203e+00
1.803661651611328125e+02 6.554500579833984375e+00
1.808747863769531250e+02 6.571745395660400391e+00
1.814221954345703125e+02 6.582447528839111328e+00
1.819533386230468750e+02 6.587960243225097656e+00
1.824910125732421875e+02 6.599213123321533203e+00
1.830329895019531250e+02 6.610009193420410156e+00
1.835770568847656250e+02 6.614622116088867188e+00
1.841576538085937500e+02 6.644741535186767578e+00
1.847331848144531250e+02 6.658420085906982422e+00
1.853204956054687500e+02 6.667962074279785156e+00
1.858914184570312500e+02 6.690114498138427734e+00
1.865087127685546875e+02 6.738222599029541016e+00
1.871494140625000000e+02 6.752551555633544922e+00
1.877653198242187500e+02 6.782742977142333984e+00
1.884186096191406250e+02 6.797880649566650391e+00
1.890010070800781250e+02 6.802485466003417969e+00
1.895338745117187500e+02 6.819345474243164062e+00
1.900617218017578125e+02 6.835601329803466797e+00
1.905735015869140625e+02 6.803781986236572266e+00
1.910756072998046875e+02 6.795900344848632812e+00
1.915912017822265625e+02 6.766306877136230469e+00
1.921894683837890625e+02 6.672823429107666016e+00
1.926881408691406250e+02 6.548683643341064453e+00
1.932799530029296875e+02 6.420136928558349609e+00
1.937726745605468750e+02 6.236942768096923828e+00
1.943603820800781250e+02 5.942534446716308594e+00
1.947968444824218750e+02 5.616546630859375000e+00
1.952667083740234375e+02 5.335110187530517578e+00
1.956753997802734375e+02 4.983554840087890625e+00
1.960833282470703125e+02 4.544106483459472656e+00
1.964260864257812500e+02 4.145764827728271484e+00
1.967116699218750000e+02 3.727585315704345703e+00
1.970320434570312500e+02 3.215877294540405273e+00
1.972174072265625000e+02 2.705231904983520508e+00
1.974387817382812500e+02 2.231686830520629883e+00
1.976221618652343750e+02 1.655418992042541504e+00
1.976808166503906250e+02 1.108350872993469238e+00
1.977858886718750000e+02 4.698953926563262939e-01
1.978180847167968750e+02 -1.596986502408981323e-01
1.978257751464843750e+02 -6.838321685791015625e-01
1.978390960693359375e+02 -1.315090656280517578e+00
1.978369140625000000e+02 -1.833990931510925293e+00
1.978339385986328125e+02 -2.457864999771118164e+00
1.978477630615234375e+02 -2.966269493103027344e+00
1.978739318847656250e+02 -3.477304697036743164e+00
1.978876037597656250e+02 -3.978424787521362305e+00
1.979120330810546875e+02 -4.652853965759277344e+00
1.979487762451171875e+02 -5.308556079864501953e+00
1.979700775146484375e+02 -5.976447582244873047e+00
1.979808807373046875e+02 -6.493373394012451172e+00
1.980169677734375000e+02 -7.023873805999755859e+00
1.980334777832031250e+02 -7.533571720123291016e+00
1.980405883789062500e+02 -8.083547592163085938e+00
1.980559844970703125e+02 -8.624930381774902344e+00
1.980680236816406250e+02 -9.170661926269531250e+00
1.980692291259765625e+02 -9.723249435424804688e+00
1.980780334472656250e+02 -1.027922630310058594e+01
1.980919799804687500e+02 -1.086156082153320312e+01
1.980847320556640625e+02 -1.139841556549072266e+01
1.980882720947265625e+02 -1.194341373443603516e+01
1.980821075439453125e+02 -1.244884872436523438e+01
1.980775299072265625e+02 -1.310044288635253906e+01
1.980636749267578125e+02 -1.375282669067382812e+01
1.980720367431640625e+02 -1.434678459167480469e+01
1.980620574951171875e+02 -1.497208118438720703e+01
1.980673675537109375e+02 -1.562829685211181641e+01
1.980600585937500000e+02 -1.631689071655273438e+01
1.980793609619140625e+02 -1.682260322570800781e+01
1.980756835937500000e+02 -1.734208488464355469e+01
1.980821685791015625e+02 -1.787951469421386719e+01
1.980878753662109375e+02 -1.839567947387695312e+01
1.980860900878906250e+02 -1.901659202575683594e+01
1.980848846435546875e+02 -1.963105201721191406e+01
1.980808410644531250e+02 -2.020142173767089844e+01
1.980585937500000000e+02 -2.079092025756835938e+01
1.980574798583984375e+02 -2.139504241943359375e+01
1.980415802001953125e+02 -2.200218582153320312e+01
1.980286712646484375e+02 -2.251841354370117188e+01
1.980181884765625000e+02 -2.318577003479003906e+01
1.980062255859375000e+02 -2.384334373474121094e+01
1.979757385253906250e+02 -2.436465644836425781e+01
1.979708709716796875e+02 -2.488413619995117188e+01
1.979692077636718750e+02 -2.539885902404785156e+01
1.979628753662109375e+02 -2.595364952087402344e+01
1.979498138427734375e+02 -2.647997283935546875e+01
1.979367065429687500e+02 -2.699745559692382812e+01
1.979282073974609375e+02 -2.752331542968750000e+01
1.979144592285156250e+02 -2.804715347290039062e+01
1.979095916748046875e+02 -2.858302307128906250e+01
1.979015045166015625e+02 -2.910906219482421875e+01
1.979011993408203125e+02 -2.963661956787109375e+01
1.978934326171875000e+02 -3.015233039855957031e+01
1.978818511962890625e+02 -3.078006172180175781e+01
1.978911437988281250e+02 -3.143036651611328125e+01
1.978829803466796875e+02 -3.205933380126953125e+01
1.978859710693359375e+02 -3.264512252807617188e+01
1.978826446533203125e+02 -3.326310729980468750e+01
1.978874359130859375e+02 -3.387686157226562500e+01
1.978831024169921875e+02 -3.448045349121093750e+01
1.978929901123046875e+02 -3.498979187011718750e+01
1.979027557373046875e+02 -3.565800476074218750e+01
1.979008483886718750e+02 -3.616986465454101562e+01
1.979181365966796875e+02 -3.670319366455078125e+01
1.979169769287109375e+02 -3.723736953735351562e+01
1.979072875976562500e+02 -3.777542877197265625e+01
1.979219665527343750e+02 -3.833265304565429688e+01
1.979189300537109375e+02 -3.888361358642578125e+01
1.979094390869140625e+02 -3.945830154418945312e+01
1.979090881347656250e+02 -3.999740600585937500e+01
1.979099578857421875e+02 -4.053651428222656250e+01
1.979245300292968750e+02 -4.104897689819335938e+01
1.979104309082031250e+02 -4.158044815063476562e+01
1.979185333251953125e+02 -4.222044372558593750e+01
1.979023284912109375e+02 -4.287668991088867188e+01
1.979059295654296875e+02 -4.345543670654296875e+01
1.979024047851562500e+02 -4.409585189819335938e+01
1.978874816894531250e+02 -4.468883132934570312e+01
1.978764953613281250e+02 -4.526909255981445312e+01
1.978807373046875000e+02 -4.588135147094726562e+01
1.978895568847656250e+02 -4.645706939697265625e+01
1.978997497558593750e+02 -4.704278182983398438e+01
1.978889312744140625e+02 -4.760774993896484375e+01
1.978948516845703125e+02 -4.817541122436523438e+01
1.978939971923828125e+02 -4.873411560058593750e+01
1.979076232910156250e+02 -4.926722717285156250e+01
1.979206695556640625e+02 -4.980730438232421875e+01
